choosing parents method: tournoment (k: 3)
cross over: one point
mutation: different values (begin probblity: 0.01 / increased probblity: 0.001)
        doing neighboring on: the best chromosome of each generation
        neighbors amount: 500
next generation: 100% children

pop-zero: 1000
max generation: 500 
        no change limit: 50
iteration: 20

iteration number 0: mse = 0.45608292102113984, generation nums = 107 
string: -(24.9x^-0.75)+(38.800000000000004x^-0.25)+(26.699999999999996x^-0.75)+(7.0x^1.0)-(10.299999999999997x^-0.5)-(11.600000000000001x^0.75)-(1.1999999999999957x^0.75)+(1.7000000000000028x^1.75)-(25.4x^-0.25)
chr: [0, 0, 1, 1, 1, 1, 1, 1, 1, 1, 0, 1, 1, 0, 1, 1, 1, 0, 1, 1, 1, 1, 1, 0, 0, 0, 1, 1, 1, 1, 1, 1, 0, 0, 0, 0, 0, 0, 1, 1, 0, 1, 1, 0, 1, 1, 0, 0, 0, 1, 1, 1, 1, 1, 0, 1, 0, 1, 0, 0, 0, 1, 1, 0, 0, 1, 0, 0, 0, 1, 0, 1, 1, 1, 0, 0, 1, 1, 0, 0, 0, 0, 1, 0, 0, 1, 0, 0, 1, 1, 0, 1, 1, 1, 1, 0, 1, 1, 0, 0, 1, 0, 0, 1, 1, 1, 0, 0, 0, 0, 0, 1, 0, 0, 1, 1, 0, 1, 1, 1, 0, 0, 1, 1, 1, 1, 1, 0, 1, 0, 0, 1, 1, 1, 1]
Execution time of iteration: 1280.486044883728 seconds
 
iteration number 1: mse = 0.49231001945597236, generation nums = 79 
string: +(51.800000000000004x^-0.5)+(11.899999999999999x^-0.25)-(20.2x^-0.75)-(7.0x^1.0)+(20.000000000000007x^-1.0)+(5.600000000000001x^1.5)-(47.3x^-0.5)-(2.3999999999999986x^0.75)-(11.799999999999997x^-1.0)
chr: [1, 1, 1, 1, 1, 1, 1, 1, 1, 0, 0, 1, 1, 1, 0, 1, 0, 0, 1, 1, 0, 1, 1, 1, 1, 0, 1, 1, 1, 1, 0, 1, 0, 0, 1, 0, 1, 1, 1, 0, 0, 1, 1, 0, 1, 0, 1, 1, 0, 1, 1, 0, 0, 1, 0, 1, 0, 1, 0, 0, 1, 0, 1, 1, 0, 0, 0, 0, 0, 0, 0, 1, 1, 0, 0, 1, 0, 0, 0, 1, 1, 0, 0, 0, 0, 1, 0, 1, 1, 0, 0, 0, 0, 0, 0, 1, 1, 1, 1, 1, 0, 1, 1, 1, 0, 0, 1, 1, 1, 1, 0, 0, 0, 0, 0, 1, 0, 0, 1, 1, 0, 1, 1, 0, 0, 0, 0, 0, 1, 0, 0, 1, 1, 0, 0]
Execution time of iteration: 998.2972865104675 seconds
 
iteration number 2: mse = 2.9649302940844056, generation nums = 81 
string: +(7.0x^-0.25)-(1.6000000000000014x^-1.0)-(48.8)+(1.7000000000000028x^1.75)+(5.800000000000004x^-0.75)+(18.000000000000007x^0.25)-(7.699999999999996x^-0.5)+(4.800000000000004)+(19.1x^-0.25)
chr: [1, 0, 0, 0, 1, 1, 1, 1, 1, 0, 0, 1, 1, 1, 1, 0, 1, 1, 1, 1, 0, 1, 0, 0, 0, 0, 1, 1, 0, 0, 0, 0, 0, 0, 0, 1, 0, 0, 0, 0, 1, 0, 0, 0, 0, 1, 0, 0, 0, 0, 0, 1, 0, 0, 1, 1, 0, 1, 1, 1, 1, 0, 0, 0, 1, 1, 0, 0, 1, 0, 0, 1, 1, 0, 1, 1, 0, 1, 0, 1, 0, 1, 1, 0, 0, 1, 0, 0, 0, 1, 0, 1, 1, 0, 1, 0, 1, 0, 1, 1, 0, 1, 1, 1, 0, 1, 0, 0, 0, 1, 0, 1, 0, 0, 0, 1, 0, 0, 0, 0, 1, 0, 1, 0, 1, 1, 0, 1, 1, 1, 0, 1, 1, 1, 1]
Execution time of iteration: 1510.9562191963196 seconds

iteration number 3: mse = 1.1944685389637528, generation nums = 95 
string: +(23.6x^-0.5)-(3.799999999999997x^-1.25)+(0.10000000000000142x^2.75)+(27.199999999999996)-(23.4x^-0.25)-(37.099999999999994)+(6.0x^1.0)+(0.10000000000000142x^-0.25)+(7.200000000000003x^-0.75)
chr: [1, 0, 1, 1, 1, 0, 0, 1, 0, 0, 0, 1, 1, 1, 0, 0, 1, 1, 1, 0, 1, 0, 0, 1, 0, 0, 1, 0, 1, 1, 0, 1, 1, 1, 1, 1, 1, 0, 0, 1, 1, 1, 0, 1, 1, 1, 1, 0, 0, 0, 0, 1, 0, 0, 0, 1, 0, 0, 0, 0, 0, 1, 0, 0, 0, 0, 1, 1, 1, 0, 0, 1, 1, 1, 1, 0, 0, 1, 0, 0, 0, 0, 1, 0, 1, 1, 0, 0, 0, 0, 1, 0, 0, 0, 1, 1, 0, 1, 0, 0, 1, 0, 1, 0, 0, 0, 1, 1, 1, 1, 1, 1, 0, 0, 1, 0, 1, 1, 1, 1, 1, 0, 0, 1, 0, 0, 0, 0, 0, 0, 0, 1, 1, 0, 1]
Execution time of iteration: 2994.3526060581207 seconds
 
iteration number 4: mse = 0.2666405256261883, generation nums = 80 
string: -(0.19999999999999574x^-1.25)+(12.399999999999999x^-1.0)-(3.0x^0.5)+(39.4x^-0.5)-(43.4x^-0.75)-(7.299999999999997x^-0.25)+(15.699999999999996x^-0.25)-(14.399999999999999)+(2.0x^1.75)
chr: [0, 1, 1, 1, 1, 1, 0, 1, 1, 0, 0, 1, 0, 1, 1, 1, 0, 0, 1, 1, 1, 0, 1, 0, 0, 0, 1, 1, 0, 0, 0, 1, 1, 1, 0, 1, 1, 0, 1, 0, 1, 0, 0, 1, 0, 1, 1, 1, 0, 0, 0, 0, 0, 1, 0, 0, 1, 1, 1, 0, 0, 0, 0, 1, 0, 0, 0, 1, 1, 0, 0, 1, 1, 0, 1, 0, 1, 1, 0, 1, 0, 1, 1, 1, 1, 0, 1, 1, 1, 1, 1, 0, 1, 0, 0, 1, 0, 1, 0, 1, 0, 1, 1, 1, 1, 0, 1, 0, 1, 1, 0, 1, 0, 0, 0, 1, 0, 0, 0, 0, 1, 0, 0, 0, 0, 0, 1, 1, 0, 0, 1, 0, 1, 1, 1]
Execution time of iteration: 2530.6882071495056 seconds
 
iteration number 5: mse = 0.06936551163292934, generation nums = 148 
string: +(18.4x^-0.25)-(37.2x^-0.25)+(4.0x^0.25)+(7.899999999999999x^-0.5)+(36.00000000000001x^-0.25)+(2.3000000000000043x^1.75)-(3.6000000000000014x^1.0)-(19.4x^-0.25)-(7.399999999999999x^-0.5)
chr: [1, 0, 1, 0, 1, 1, 0, 0, 0, 0, 0, 1, 1, 1, 1, 0, 0, 1, 0, 0, 0, 0, 1, 0, 0, 0, 1, 1, 1, 1, 1, 0, 0, 0, 1, 0, 0, 0, 0, 0, 1, 0, 0, 0, 1, 1, 0, 0, 1, 0, 0, 0, 1, 1, 1, 0, 1, 1, 1, 0, 1, 1, 0, 1, 1, 0, 0, 0, 0, 0, 0, 1, 1, 1, 1, 1, 0, 0, 0, 0, 0, 1, 1, 1, 1, 1, 0, 1, 1, 1, 0, 1, 1, 1, 0, 1, 0, 1, 0, 0, 1, 0, 1, 0, 0, 0, 1, 0, 0, 1, 1, 0, 1, 1, 0, 0, 1, 1, 1, 1, 0, 1, 1, 0, 1, 0, 1, 1, 1, 0, 0, 1, 1, 1, 0]
Execution time of iteration: 1553.497134923935 seconds
 
iteration number 6: mse = 1.039304166993575, generation nums = 98 
string: -(6.0x^-1.25)+(20.000000000000007x^-1.0)+(6.700000000000003x^0.25)+(8.700000000000003x^0.5)-(18.599999999999998x^-1.0)+(0.8000000000000043x^-2.0)+(1.8999999999999986x^1.75)-(47.3x^0.25)+(35.6)
chr: [0, 1, 1, 0, 1, 1, 1, 1, 0, 0, 0, 1, 0, 1, 1, 1, 0, 1, 1, 0, 0, 0, 0, 0, 0, 0, 1, 1, 0, 0, 1, 0, 0, 0, 1, 1, 1, 0, 1, 1, 1, 0, 0, 0, 1, 1, 0, 0, 1, 0, 0, 1, 1, 1, 1, 1, 0, 0, 1, 0, 0, 1, 0, 0, 1, 1, 1, 1, 1, 0, 0, 1, 1, 0, 0, 1, 0, 0, 0, 0, 0, 0, 0, 0, 0, 0, 1, 0, 0, 0, 1, 0, 0, 0, 0, 0, 1, 0, 1, 1, 1, 0, 1, 1, 1, 0, 0, 0, 0, 0, 1, 1, 1, 1, 1, 1, 0, 0, 0, 1, 1, 1, 0, 1, 0, 1, 1, 1, 0, 0, 1, 0, 0, 0, 0]
Execution time of iteration: 3063.128983974457 seconds
 
iteration number 7: mse = 0.41544305491399924, generation nums = 51 
string: +(23.1x^1.25)+(12.200000000000003x^0.25)-(24.9x^-0.5)+(13.600000000000001)+(0.30000000000000426x^1.25)-(16.299999999999997x^-0.75)+(1.6000000000000014x^-0.5)+(26.300000000000004x^-0.75)-(34.8x^1.0)
chr: [1, 0, 1, 1, 0, 1, 1, 1, 1, 1, 1, 0, 1, 0, 1, 1, 0, 0, 1, 1, 1, 0, 0, 1, 0, 1, 0, 0, 0, 1, 0, 0, 1, 1, 1, 1, 1, 1, 1, 1, 0, 1, 1, 1, 0, 1, 0, 1, 0, 0, 0, 0, 0, 0, 0, 1, 0, 0, 0, 0, 0, 1, 1, 1, 1, 1, 1, 0, 1, 1, 1, 0, 1, 0, 1, 0, 1, 0, 1, 0, 1, 0, 1, 0, 1, 0, 1, 1, 0, 1, 1, 0, 0, 0, 0, 0, 1, 0, 0, 0, 0, 1, 1, 1, 0, 1, 0, 1, 1, 1, 1, 1, 1, 1, 1, 0, 1, 1, 0, 1, 0, 0, 1, 0, 0, 1, 1, 1, 0, 0, 1, 0, 1, 0, 0]
Execution time of iteration: 979.620402097702 seconds
 
iteration number 8: mse = 3.0303259361151187, generation nums = 52 
string: -(0.8999999999999986x^1.0)+(14.000000000000007x^-1.5)+(12.399999999999999x^1.75)-(41.599999999999994x^0.25)-(24.4x^1.5)+(48.800000000000004x^0.75)+(39.199999999999996x^-0.5)-(30.4x^-1.25)-(14.299999999999997x^0.25)
chr: [0, 1, 1, 1, 1, 0, 1, 1, 1, 1, 1, 0, 1, 0, 0, 1, 0, 1, 0, 0, 0, 0, 1, 0, 0, 0, 1, 0, 1, 0, 1, 0, 0, 1, 1, 1, 0, 1, 0, 0, 1, 0, 1, 1, 1, 0, 0, 0, 1, 0, 1, 1, 0, 0, 0, 1, 0, 0, 0, 1, 0, 1, 0, 0, 0, 0, 0, 1, 0, 0, 1, 0, 1, 1, 0, 1, 1, 1, 1, 1, 0, 0, 0, 0, 0, 1, 0, 0, 1, 1, 1, 1, 1, 0, 0, 0, 0, 0, 0, 0, 0, 1, 1, 1, 0, 0, 0, 1, 1, 0, 0, 1, 0, 0, 0, 0, 1, 0, 1, 1, 0, 1, 0, 1, 1, 0, 1, 0, 0, 1, 1, 0, 0, 0, 1]
Execution time of iteration: 1880.910397529602 seconds
 
iteration number 9: mse = 0.0731874962896772, generation nums = 118 
string: +(17.199999999999996x^-0.5)-(37.8x^0.5)+(2.3000000000000043x^1.75)+(20.000000000000007x^0.25)+(42.50000000000001x^0.25)-(0.8999999999999986x^0.5)-(8.600000000000001x^-0.25)-(44.0x^-0.25)+(10.399999999999999x^-0.25)
chr: [1, 0, 1, 0, 1, 0, 0, 1, 0, 0, 0, 1, 1, 1, 0, 0, 0, 0, 1, 1, 1, 1, 1, 1, 0, 1, 0, 0, 1, 0, 1, 0, 0, 0, 0, 0, 1, 1, 1, 1, 1, 0, 1, 1, 1, 1, 0, 1, 1, 0, 0, 0, 0, 0, 0, 1, 0, 0, 0, 1, 1, 1, 1, 0, 1, 0, 0, 0, 0, 1, 1, 0, 0, 0, 1, 0, 1, 1, 1, 1, 0, 1, 1, 1, 1, 1, 0, 0, 1, 0, 0, 1, 1, 0, 1, 0, 0, 0, 1, 0, 0, 1, 1, 1, 1, 0, 0, 0, 1, 0, 0, 0, 0, 0, 0, 0, 1, 1, 1, 1, 1, 0, 0, 1, 1, 0, 0, 0, 0, 0, 0, 1, 1, 1, 1]
Execution time of iteration: 11607.108409643173 seconds
 
iteration number 10: mse = 1.398677442453202, generation nums = 99 
string: +(6.5x^-1.0)+(26.800000000000004x^-0.5)-(46.3x^-0.5)-(11.299999999999997x^-0.25)-(11.399999999999999x^-0.5)+(33.4x^-0.5)+(1.8000000000000043x^1.75)+(5.600000000000001x^-0.75)-(4.899999999999999x^-1.25)
chr: [1, 0, 0, 0, 1, 1, 1, 0, 0, 1, 0, 1, 1, 0, 0, 1, 1, 0, 0, 0, 0, 0, 1, 0, 0, 0, 1, 1, 1, 0, 0, 0, 0, 0, 1, 0, 1, 0, 0, 1, 0, 1, 1, 1, 0, 0, 1, 1, 0, 0, 0, 0, 1, 1, 1, 0, 1, 1, 1, 1, 0, 1, 1, 0, 0, 0, 0, 1, 1, 0, 0, 1, 1, 1, 0, 1, 1, 0, 1, 0, 0, 0, 1, 1, 0, 0, 1, 1, 1, 0, 1, 0, 0, 0, 0, 0, 1, 0, 1, 0, 1, 0, 1, 1, 1, 1, 0, 0, 0, 1, 1, 0, 0, 0, 0, 0, 1, 1, 0, 1, 0, 1, 1, 1, 0, 0, 0, 1, 1, 1, 0, 1, 0, 1, 1]
Execution time of iteration: 2260.154215812683 seconds
 
iteration number 11: mse = 0.802039470992481, generation nums = 99 
string: -(19.4x^-0.25)+(14.100000000000001x^-0.25)+(3.700000000000003x^-0.25)+(5.200000000000003x^0.25)-(22.299999999999997x^-0.25)+(15.899999999999999x^-0.5)+(1.0x^2.0)-(4.399999999999999x^-1.0)+(6.200000000000003x^-0.75)
chr: [0, 1, 0, 0, 1, 1, 0, 1, 1, 0, 0, 1, 1, 1, 1, 1, 0, 1, 0, 0, 0, 0, 1, 0, 1, 0, 1, 1, 1, 1, 1, 0, 0, 0, 0, 1, 1, 1, 0, 1, 0, 1, 1, 1, 1, 1, 0, 0, 0, 1, 0, 1, 1, 0, 0, 1, 0, 0, 0, 1, 0, 1, 0, 0, 0, 1, 1, 0, 0, 1, 0, 1, 1, 1, 1, 1, 0, 1, 0, 0, 1, 0, 1, 1, 1, 0, 1, 1, 1, 0, 1, 0, 0, 0, 0, 0, 0, 0, 1, 0, 1, 1, 0, 0, 0, 0, 1, 1, 1, 0, 0, 1, 1, 0, 0, 0, 1, 1, 0, 0, 1, 0, 0, 0, 1, 1, 0, 1, 1, 0, 0, 1, 1, 0, 1]
Execution time of iteration: 3398.057936668396 seconds
 
iteration number 12: mse = 0.3437605537692486, generation nums = 72 
string: -(15.0x^-0.75)-(12.100000000000001)+(7.700000000000003x^-0.25)+(22.4x^-0.75)+(35.800000000000004x^-0.75)-(20.9)-(45.199999999999996x^-0.75)+(28.300000000000004)+(1.0x^2.0)
chr: [0, 1, 0, 1, 1, 0, 0, 0, 1, 0, 0, 1, 1, 0, 1, 0, 1, 0, 1, 1, 1, 1, 1, 1, 1, 1, 0, 0, 0, 0, 1, 0, 0, 1, 0, 0, 0, 1, 0, 1, 0, 1, 1, 1, 1, 1, 0, 1, 1, 0, 1, 1, 0, 0, 0, 0, 1, 1, 0, 1, 1, 1, 0, 1, 0, 1, 1, 1, 1, 0, 0, 1, 1, 0, 1, 0, 1, 0, 0, 1, 0, 0, 1, 1, 1, 1, 0, 0, 0, 0, 0, 0, 0, 0, 1, 1, 0, 1, 0, 0, 0, 1, 1, 0, 1, 1, 1, 0, 0, 0, 1, 0, 0, 1, 1, 1, 0, 0, 0, 0, 1, 0, 0, 0, 0, 0, 0, 0, 1, 0, 1, 1, 0, 0, 0]
Execution time of iteration: 2465.668272256851 seconds
 
iteration number 13: mse = 0.5706305945354342, generation nums = 98 
string: -(0.19999999999999574x^-1.75)-(16.9x^-0.25)+(0.3999999999999986x^2.25)-(19.099999999999998x^0.5)+(2.3999999999999986x^1.25)+(15.199999999999996x^0.5)-(2.5x^-0.25)+(16.500000000000007x^-0.25)+(5.200000000000003x^-0.5)
chr: [0, 1, 1, 1, 1, 1, 0, 1, 1, 0, 0, 1, 0, 0, 1, 0, 1, 0, 1, 0, 0, 1, 1, 1, 1, 0, 1, 1, 1, 1, 0, 1, 1, 1, 1, 1, 1, 1, 0, 0, 1, 1, 0, 0, 1, 0, 1, 0, 0, 1, 1, 1, 0, 0, 1, 1, 0, 0, 1, 0, 1, 0, 0, 0, 0, 1, 0, 0, 0, 0, 1, 0, 1, 0, 1, 1, 0, 1, 0, 0, 1, 0, 0, 0, 0, 1, 0, 0, 1, 0, 0, 1, 1, 1, 0, 1, 1, 1, 1, 1, 0, 1, 1, 1, 1, 1, 0, 1, 0, 0, 1, 1, 1, 0, 1, 0, 1, 1, 1, 1, 1, 0, 0, 0, 1, 0, 1, 1, 0, 0, 0, 1, 1, 1, 0]
Execution time of iteration: 9909.819418430328 seconds
 
iteration number 14: mse = 0.23830652036735178, generation nums = 102 
string: -(14.399999999999999x^0.25)-(18.599999999999998x^-0.25)+(33.50000000000001)+(1.0x^0.25)+(0.5x^0.5)+(7.800000000000004)-(6.600000000000001x^0.5)+(2.1000000000000014x^1.75)-(3.6000000000000014x^0.25)
chr: [0, 1, 0, 1, 1, 0, 1, 0, 0, 0, 1, 0, 0, 0, 1, 0, 1, 0, 0, 1, 1, 1, 1, 1, 0, 0, 1, 1, 1, 1, 1, 1, 0, 1, 0, 0, 0, 1, 1, 1, 1, 0, 0, 0, 0, 1, 0, 0, 0, 0, 0, 0, 0, 1, 0, 1, 0, 0, 0, 1, 0, 1, 1, 1, 1, 1, 1, 1, 0, 1, 1, 0, 0, 1, 0, 1, 0, 0, 1, 0, 0, 0, 1, 1, 0, 1, 0, 0, 0, 0, 0, 1, 1, 0, 1, 1, 0, 1, 1, 0, 1, 0, 0, 1, 0, 1, 0, 0, 0, 0, 0, 1, 1, 0, 1, 1, 0, 1, 1, 1, 0, 1, 1, 1, 0, 1, 0, 1, 0, 0, 1, 0, 0, 0, 1]
Execution time of iteration: 3789.1408791542053 seconds
 
iteration number 15: mse = 0.2606165216611329, generation nums = 112 
string: +(0.8999999999999986)-(3.6999999999999957x^-0.75)+(5.0x^0.25)+(2.0x^1.75)-(8.0x^0.5)-(33.9x^-0.5)+(1.8999999999999986x^-0.75)+(0.6000000000000014x^0.25)+(36.300000000000004x^-0.5)
chr: [1, 0, 0, 0, 0, 0, 0, 0, 0, 1, 1, 0, 0, 0, 0, 0, 1, 1, 1, 0, 1, 0, 0, 1, 1, 0, 1, 1, 0, 1, 1, 0, 0, 0, 1, 0, 1, 0, 1, 0, 1, 0, 0, 0, 1, 1, 0, 0, 0, 0, 0, 1, 1, 0, 0, 1, 0, 1, 1, 1, 0, 1, 1, 0, 1, 0, 1, 0, 0, 0, 1, 0, 0, 1, 0, 0, 0, 1, 0, 1, 0, 0, 1, 0, 1, 0, 1, 1, 1, 0, 1, 0, 0, 0, 0, 0, 1, 0, 1, 1, 0, 1, 1, 0, 1, 0, 1, 1, 1, 1, 1, 1, 1, 1, 0, 1, 0, 0, 0, 1, 1, 1, 0, 1, 1, 0, 0, 0, 1, 1, 0, 1, 1, 1, 0]
Execution time of iteration: 8479.833294153214 seconds
 
iteration number 16: mse = 0.310280935054535, generation nums = 71 
string: +(29.800000000000004)-(4.799999999999997)+(5.600000000000001x^-0.5)+(13.800000000000004x^-0.75)+(9.300000000000004x^1.25)-(16.5x^1.0)-(14.899999999999999x^-0.75)+(1.5x^1.75)-(21.599999999999998x^-0.25)
chr: [1, 1, 0, 0, 1, 0, 0, 0, 1, 0, 1, 0, 0, 0, 0, 0, 1, 1, 1, 0, 0, 1, 0, 0, 0, 1, 0, 0, 0, 0, 1, 0, 0, 0, 1, 1, 0, 0, 0, 0, 0, 1, 1, 1, 0, 1, 0, 1, 0, 0, 0, 0, 0, 1, 0, 0, 1, 1, 0, 1, 1, 0, 0, 1, 0, 1, 0, 1, 0, 1, 1, 0, 1, 0, 1, 0, 1, 0, 1, 0, 1, 0, 0, 1, 1, 1, 0, 1, 0, 0, 0, 1, 0, 1, 1, 0, 0, 0, 1, 1, 0, 1, 1, 0, 1, 1, 0, 0, 0, 0, 0, 0, 1, 1, 1, 1, 0, 1, 1, 1, 0, 1, 0, 0, 1, 0, 0, 0, 0, 0, 0, 1, 1, 1, 1]
Execution time of iteration: 9523.348154067993 seconds
 
iteration number 17: mse = 0.2024352734539203, generation nums = 85 
string: +(29.6x^-0.25)-(13.600000000000001x^-0.5)-(24.099999999999998x^-0.5)+(13.800000000000004x^-1.0)-(5.899999999999999x^-1.0)+(6.100000000000001x^1.5)-(4.199999999999996x^-1.0)-(10.199999999999996x^1.0)+(9.700000000000003x^-0.5)
chr: [1, 1, 0, 0, 1, 0, 0, 0, 0, 0, 0, 1, 1, 1, 1, 0, 1, 0, 1, 1, 1, 0, 0, 0, 0, 0, 1, 1, 1, 0, 0, 1, 0, 0, 0, 0, 0, 1, 1, 1, 0, 1, 1, 1, 0, 1, 0, 1, 0, 0, 0, 0, 0, 1, 0, 0, 1, 1, 0, 0, 0, 1, 1, 0, 1, 1, 1, 1, 0, 1, 0, 1, 1, 0, 0, 1, 0, 0, 0, 1, 1, 0, 1, 0, 1, 1, 0, 1, 1, 0, 0, 1, 1, 1, 0, 0, 1, 1, 1, 0, 0, 1, 1, 0, 0, 0, 1, 1, 0, 0, 1, 0, 0, 1, 0, 1, 0, 1, 0, 0, 1, 0, 0, 1, 0, 1, 1, 0, 0, 1, 0, 1, 1, 1, 0]
Execution time of iteration: 11131.409531354904 seconds
 
iteration number 18: mse = 0.6709075867940172, generation nums = 109 
string: +(5.100000000000001)+(13.5x^-0.75)-(7.299999999999997x^-0.25)+(2.3000000000000043x^1.75)+(8.100000000000001x^-1.25)-(12.0x^0.75)+(21.699999999999996x^0.5)-(20.9x^-1.0)-(10.199999999999996x^0.5)
chr: [1, 0, 0, 0, 1, 0, 1, 0, 1, 1, 1, 0, 0, 0, 0, 1, 0, 0, 1, 1, 1, 1, 1, 1, 1, 0, 1, 1, 0, 1, 0, 1, 1, 0, 1, 0, 1, 1, 1, 1, 0, 1, 1, 1, 1, 1, 0, 0, 0, 0, 0, 1, 1, 1, 1, 1, 0, 1, 1, 1, 1, 0, 0, 1, 0, 0, 1, 0, 0, 1, 0, 1, 0, 1, 1, 0, 1, 1, 0, 0, 0, 0, 0, 0, 0, 1, 0, 0, 1, 1, 1, 0, 1, 1, 0, 1, 0, 0, 0, 1, 1, 0, 0, 1, 0, 0, 1, 0, 0, 1, 0, 0, 1, 1, 1, 0, 1, 1, 0, 0, 0, 1, 1, 0, 0, 1, 0, 0, 1, 0, 1, 0, 0, 1, 0]
Execution time of iteration: 11501.298179864883 seconds
 
iteration number 19: mse = 0.009898813732308729, generation nums = 109 
string: +(24.800000000000004x^-0.5)+(7.200000000000003x^0.25)-(1.0x^-0.5)+(9.100000000000001x^0.25)+(0.30000000000000426x^-1.0)-(16.9x^0.25)+(3.0x^-0.25)+(1.0x^2.0)-(26.4x^-0.5)
chr: [1, 0, 1, 1, 1, 1, 0, 0, 0, 0, 0, 1, 1, 1, 0, 1, 0, 0, 1, 0, 0, 0, 0, 0, 0, 1, 0, 0, 0, 1, 0, 1, 1, 1, 1, 0, 1, 1, 1, 0, 0, 1, 1, 1, 0, 1, 0, 0, 1, 0, 1, 0, 0, 1, 1, 1, 0, 0, 0, 1, 0, 1, 1, 1, 1, 1, 1, 0, 1, 1, 0, 1, 1, 0, 0, 0, 1, 0, 1, 0, 0, 1, 1, 1, 1, 1, 0, 0, 0, 1, 1, 0, 0, 0, 0, 1, 0, 1, 1, 0, 0, 1, 1, 1, 1, 1, 0, 0, 0, 0, 0, 0, 0, 1, 0, 1, 1, 0, 0, 0, 0, 0, 1, 1, 1, 1, 0, 0, 0, 0, 0, 1, 1, 1, 0]
Execution time of iteration: 1196.849176645279 seconds
 
the best mse of all: 0.009898813732308729 
the average mse of all: 0.7404806088955196 
Execution time of all: 92054.64060688019 seconds
