the testing of result 7 --> fixing 50 only generation problem

iteration number 0: mse = 9726.016141882747, generation nums = 77 
string: None, chr: None

iteration number 1: mse = 316.15032270785207, generation nums = 132 
string: None, chr: None

iteration number 2: mse = 7207.927403552756, generation nums = 61 
string: +(49.6x^-0.5)-(1.6999999999999957)-(12.899999999999999x^-2.75)-(27.5x^1.75)+(42.800000000000004x^-2.25)-(24.9x^-1.5)+(13.5)+(5.0x^2.5)+(41.699999999999996x^0.75)
chr: [1, 1, 1, 1, 1, 0, 1, 0, 0, 0, 0, 1, 1, 1, 0, 0, 1, 1, 1, 1, 0, 0, 1, 1, 1, 1, 0, 0, 0, 0, 0, 1, 0, 1, 1, 1, 0, 1, 1, 1, 0, 0, 1, 0, 1, 0, 0, 1, 1, 1, 0, 0, 1, 0, 1, 1, 0, 1, 1, 1, 1, 1, 1, 0, 1, 0, 0, 1, 0, 0, 0, 0, 1, 1, 1, 0, 0, 1, 1, 1, 1, 1, 1, 1, 1, 0, 1, 0, 1, 0, 1, 0, 0, 1, 1, 1, 1, 1, 1, 1, 1, 0, 0, 0, 0, 1, 0, 0, 0, 1, 0, 1, 0, 1, 0, 1, 1, 0, 1, 0, 1, 1, 1, 0, 0, 1, 1, 0, 0, 1, 1, 0, 0, 1, 1]

iteration number 3: mse = 2805.04609011064, generation nums = 59 
string: None, chr: None

iteration number 4: mse = 8513.651888762732, generation nums = 122 
string: +(43.300000000000004x^1.0)+(2.3000000000000043)+(51.9x^0.75)-(0.6000000000000014x^2.75)+(10.399999999999999x^2.75)-(33.5x^2.25)+(32.9x^-0.75)+(20.6x^-0.25)-(12.699999999999996)
chr: [1, 1, 1, 0, 1, 0, 1, 0, 0, 1, 1, 0, 1, 0, 0, 1, 0, 0, 0, 0, 0, 1, 1, 1, 1, 1, 0, 0, 0, 0, 1, 1, 1, 1, 1, 1, 1, 1, 1, 1, 1, 0, 0, 1, 1, 0, 1, 1, 1, 1, 1, 0, 0, 1, 0, 1, 1, 0, 1, 1, 1, 0, 0, 1, 1, 0, 0, 0, 0, 0, 1, 1, 0, 1, 1, 0, 0, 1, 0, 1, 0, 1, 0, 0, 1, 1, 1, 0, 0, 1, 1, 1, 0, 1, 0, 0, 0, 0, 0, 1, 0, 1, 1, 0, 1, 1, 0, 1, 1, 0, 0, 0, 1, 1, 0, 0, 1, 1, 1, 1, 0, 1, 0, 1, 1, 1, 1, 0, 0, 1, 1, 0, 0, 0, 0]

iteration number 5: mse = 138.16028544326053, generation nums = 134 
string: +(6.899999999999999x^-0.75)+(41.9x^-0.25)+(9.0x^2.0)+(4.100000000000001x^-1.0)-(26.7x^0.25)-(14.600000000000001x^1.75)+(37.1x^0.25)-(36.7x^-0.75)-(0.29999999999999716x^0.25)
chr: [1, 0, 0, 0, 1, 1, 1, 1, 0, 1, 0, 1, 1, 0, 1, 1, 1, 1, 0, 0, 1, 1, 0, 1, 1, 0, 1, 1, 1, 1, 1, 0, 0, 1, 0, 1, 0, 0, 1, 0, 1, 1, 0, 0, 0, 1, 0, 0, 0, 1, 0, 0, 0, 0, 1, 0, 1, 1, 0, 0, 0, 0, 1, 1, 1, 0, 1, 1, 0, 1, 1, 0, 0, 0, 1, 0, 1, 0, 1, 1, 0, 0, 1, 1, 0, 1, 0, 1, 1, 1, 1, 1, 0, 1, 1, 0, 1, 0, 1, 1, 1, 0, 0, 0, 1, 0, 0, 1, 0, 0, 0, 1, 0, 0, 1, 0, 1, 1, 0, 1, 0, 1, 1, 1, 1, 1, 0, 1, 0, 1, 1, 0, 0, 0, 1]

iteration number 6: mse = 8667.386659684436, generation nums = 81 
string: -(3.299999999999997x^-1.0)-(14.0x^-2.75)+(45.800000000000004x^-2.25)+(8.200000000000003x^1.75)-(11.0x^-1.25)+(30.800000000000004x^0.5)+(17.000000000000007x^-2.25)-(11.600000000000001x^-2.5)-(48.0x^1.0)
chr: [0, 1, 1, 1, 0, 1, 0, 1, 1, 1, 0, 1, 1, 0, 0, 0, 1, 0, 1, 1, 0, 1, 1, 0, 0, 0, 0, 1, 0, 1, 1, 1, 1, 1, 0, 0, 0, 0, 1, 0, 0, 0, 1, 1, 1, 1, 0, 0, 1, 0, 0, 1, 0, 1, 0, 1, 0, 1, 1, 1, 0, 1, 1, 0, 0, 0, 1, 0, 1, 0, 0, 1, 0, 1, 1, 1, 1, 0, 0, 1, 0, 1, 1, 0, 0, 1, 0, 0, 1, 0, 1, 0, 1, 0, 1, 0, 0, 0, 1, 0, 0, 0, 1, 1, 1, 0, 1, 1, 0, 0, 0, 0, 1, 0, 0, 0, 0, 1, 1, 0, 0, 0, 0, 0, 0, 1, 1, 0, 0, 0, 1, 0, 1, 0, 0]

iteration number 7: mse = 205.31491303411622, generation nums = 117 
string: None, chr: None

iteration number 8: mse = 228.51452720213786, generation nums = 52 
string: None, chr: None

iteration number 9: mse = 71.25754988014444, generation nums = 104 
string: -(10.5x^1.0)-(4.5x^1.25)-(5.600000000000001x^-0.5)-(25.5x^-2.0)+(21.300000000000004x^-2.0)+(13.100000000000001x^-1.5)+(6.200000000000003x^0.25)+(4.0x^1.75)+(14.800000000000004x^0.5)
chr: [0, 1, 1, 0, 0, 0, 1, 1, 1, 1, 1, 0, 1, 0, 0, 0, 1, 1, 1, 0, 0, 1, 0, 1, 1, 1, 0, 1, 0, 1, 0, 1, 1, 1, 0, 0, 0, 0, 0, 0, 0, 1, 1, 1, 0, 0, 0, 1, 1, 1, 1, 1, 0, 0, 1, 0, 1, 0, 0, 0, 1, 0, 1, 1, 0, 0, 1, 1, 0, 1, 0, 1, 0, 0, 0, 1, 0, 0, 1, 1, 1, 1, 0, 1, 1, 0, 1, 0, 1, 0, 1, 0, 0, 0, 1, 1, 0, 1, 1, 0, 1, 0, 0, 0, 1, 1, 0, 0, 0, 1, 0, 0, 0, 0, 0, 1, 0, 1, 1, 1, 1, 0, 1, 0, 0, 0, 1, 1, 0, 0, 1, 0, 0, 1, 0]

iteration number 10: mse = 41.01237826815383, generation nums = 227 
string: None, chr: None

iteration number 11: mse = 79.9532926907078, generation nums = 65 
string: -(4.5x^-1.75)-(28.7x^1.5)+(15.199999999999996x^-1.25)+(4.100000000000001x^0.5)+(13.5x^1.75)+(10.800000000000004)+(4.100000000000001x^1.5)-(36.099999999999994x^-0.25)+(24.199999999999996x^0.75)
chr: [0, 1, 1, 1, 0, 0, 1, 0, 1, 1, 0, 1, 0, 0, 1, 0, 0, 1, 1, 0, 1, 1, 0, 0, 1, 1, 0, 1, 1, 0, 1, 0, 1, 0, 0, 1, 0, 0, 0, 0, 0, 1, 0, 1, 1, 1, 0, 0, 0, 1, 0, 0, 0, 0, 1, 1, 0, 0, 1, 0, 1, 0, 0, 1, 1, 1, 1, 1, 1, 1, 1, 0, 1, 1, 1, 1, 0, 0, 1, 1, 0, 0, 1, 0, 0, 1, 0, 0, 0, 0, 1, 0, 0, 0, 1, 0, 0, 0, 0, 1, 1, 0, 1, 1, 0, 0, 0, 1, 0, 0, 0, 1, 1, 1, 1, 0, 1, 1, 1, 1, 1, 0, 1, 1, 1, 0, 1, 0, 1, 0, 1, 0, 0, 1, 1]

iteration number 12: mse = 90.57156046319193, generation nums = 82 
string: None, chr: None

iteration number 13: mse = 233.13750792937432, generation nums = 114 
string: -(8.0)+(21.199999999999996x^-0.75)+(8.100000000000001x^-0.5)+(11.100000000000001x^-1.75)+(0.7000000000000028x^2.0)+(1.0x^-2.5)-(19.4x^-1.75)+(27.300000000000004x^-2.25)-(27.099999999999998x^-2.25)
chr: [0, 1, 1, 0, 1, 0, 1, 0, 0, 0, 1, 0, 0, 0, 0, 1, 0, 1, 1, 0, 0, 1, 1, 0, 0, 0, 1, 1, 0, 1, 1, 0, 0, 1, 0, 0, 1, 0, 0, 1, 0, 1, 1, 1, 0, 1, 0, 0, 1, 1, 0, 0, 1, 1, 1, 0, 1, 0, 0, 1, 0, 1, 1, 1, 1, 1, 1, 1, 1, 1, 1, 1, 0, 0, 0, 1, 0, 0, 0, 0, 0, 0, 0, 1, 0, 0, 0, 1, 1, 0, 0, 1, 0, 0, 1, 1, 0, 1, 1, 0, 0, 1, 0, 0, 1, 1, 1, 0, 0, 0, 0, 1, 0, 0, 1, 0, 0, 1, 1, 1, 0, 0, 1, 1, 1, 0, 1, 0, 0, 1, 0, 0, 1, 1, 1]

iteration number 14: mse = 842.0196934753347, generation nums = 62 
string: +(24.800000000000004x^2.0)-(2.6000000000000014x^-2.0)-(13.0x^1.25)-(40.599999999999994x^1.5)+(19.199999999999996x^-1.0)-(0.5x^3.25)-(9.299999999999997x^-0.25)+(29.1x^0.25)-(1.1999999999999957x^-0.5)
chr: [1, 0, 1, 1, 1, 1, 0, 0, 0, 0, 1, 1, 0, 0, 0, 0, 1, 1, 1, 0, 1, 1, 1, 1, 0, 0, 1, 0, 0, 0, 0, 1, 0, 1, 1, 1, 0, 1, 1, 0, 1, 0, 1, 0, 1, 0, 0, 0, 1, 1, 0, 0, 0, 1, 0, 1, 0, 1, 1, 0, 1, 0, 1, 0, 1, 1, 1, 0, 0, 0, 0, 1, 1, 0, 0, 0, 1, 1, 1, 1, 1, 0, 0, 1, 1, 1, 1, 1, 0, 1, 0, 1, 1, 0, 0, 1, 1, 0, 1, 1, 0, 1, 1, 1, 1, 1, 1, 0, 0, 0, 1, 1, 0, 1, 1, 1, 0, 0, 0, 1, 0, 1, 1, 1, 1, 0, 1, 1, 0, 0, 0, 1, 1, 1, 0]

iteration number 15: mse = 334.71789410493363, generation nums = 138 
string: +(17.000000000000007x^-1.25)-(3.799999999999997x^-2.25)-(27.4x^-1.25)-(4.0x^-3.5)+(36.4x^-0.75)+(7.600000000000001x^-3.25)+(8.0x^0.5)+(13.800000000000004x^0.5)-(46.1x^-0.75)
chr: [1, 0, 1, 0, 1, 0, 0, 0, 1, 0, 0, 1, 0, 1, 1, 0, 1, 1, 1, 0, 1, 0, 0, 1, 0, 0, 0, 1, 1, 1, 0, 0, 1, 1, 1, 0, 0, 1, 1, 0, 0, 1, 0, 1, 1, 0, 1, 1, 1, 0, 1, 0, 0, 0, 0, 0, 0, 0, 1, 0, 1, 1, 0, 1, 1, 0, 0, 1, 0, 0, 0, 1, 1, 0, 1, 1, 0, 0, 1, 0, 0, 0, 1, 0, 0, 0, 0, 0, 1, 1, 1, 0, 0, 1, 0, 0, 1, 0, 0, 0, 1, 0, 0, 1, 0, 1, 0, 1, 0, 0, 0, 0, 0, 1, 0, 1, 0, 0, 1, 0, 0, 0, 0, 0, 1, 0, 1, 0, 1, 1, 0, 1, 1, 0, 1]

iteration number 16: mse = 2410.967426179248, generation nums = 127 
string: +(3.0x^-0.25)+(49.9x^0.75)-(32.8x^2.25)+(47.9x^-0.25)+(9.700000000000003x^2.0)-(35.2x^1.25)+(28.9x^1.5)-(8.799999999999997x^2.25)+(19.000000000000007x^2.5)
chr: [1, 0, 0, 0, 0, 1, 0, 1, 1, 0, 0, 1, 1, 1, 1, 1, 1, 1, 1, 1, 0, 1, 0, 1, 1, 1, 0, 0, 1, 1, 0, 0, 1, 0, 1, 1, 0, 0, 0, 0, 1, 1, 0, 0, 1, 1, 1, 1, 1, 0, 1, 0, 1, 1, 1, 0, 1, 1, 1, 1, 1, 0, 0, 1, 0, 1, 1, 0, 0, 1, 1, 1, 0, 0, 0, 0, 0, 1, 0, 0, 1, 1, 0, 0, 0, 1, 0, 1, 0, 1, 1, 1, 0, 0, 0, 1, 1, 0, 0, 1, 1, 0, 1, 1, 0, 0, 1, 1, 0, 1, 0, 0, 0, 0, 0, 1, 1, 0, 0, 1, 1, 0, 1, 0, 1, 1, 0, 1, 1, 0, 1, 1, 0, 1, 0]

iteration number 17: mse = 1139.7480335448722, generation nums = 101 
string: +(15.500000000000007x^-3.0)-(34.3x^0.5)+(2.1000000000000014)+(6.5x^-1.5)-(9.399999999999999x^-1.0)+(36.199999999999996x^-1.0)-(21.299999999999997x^1.75)-(28.2x^-2.75)+(42.800000000000004x^1.5)
chr: [1, 0, 1, 0, 0, 1, 0, 0, 1, 1, 0, 0, 1, 0, 0, 0, 0, 1, 0, 1, 0, 0, 0, 0, 1, 1, 0, 0, 1, 0, 1, 0, 0, 0, 0, 0, 1, 1, 0, 1, 1, 0, 0, 0, 0, 1, 0, 0, 0, 1, 1, 1, 0, 0, 1, 0, 1, 0, 1, 0, 0, 1, 1, 0, 0, 1, 1, 0, 1, 0, 0, 1, 1, 0, 0, 1, 1, 0, 1, 1, 0, 0, 0, 1, 0, 0, 1, 1, 0, 0, 0, 1, 0, 0, 1, 0, 0, 0, 1, 1, 1, 0, 1, 1, 1, 0, 0, 1, 1, 0, 1, 1, 1, 1, 0, 0, 0, 1, 0, 1, 1, 1, 1, 0, 1, 0, 0, 1, 0, 0, 1, 0, 1, 1, 0]

iteration number 18: mse = 357.60289756237404, generation nums = 121 
string: -(26.5x^0.5)+(9.5x^0.5)+(51.300000000000004x^-1.0)+(25.9x^-1.25)+(23.699999999999996x^0.75)-(35.0x^-0.5)-(11.799999999999997x^-1.25)-(3.5x^-0.25)-(13.100000000000001x^-1.75)
chr: [0, 0, 1, 1, 1, 0, 1, 1, 1, 1, 1, 0, 0, 1, 0, 1, 0, 0, 1, 0, 1, 0, 1, 1, 1, 1, 0, 0, 1, 0, 1, 1, 1, 1, 1, 1, 1, 0, 0, 1, 0, 1, 1, 0, 0, 1, 0, 1, 1, 1, 1, 1, 0, 1, 1, 0, 1, 0, 1, 1, 1, 0, 1, 1, 1, 0, 0, 1, 0, 1, 1, 0, 0, 1, 1, 0, 0, 1, 0, 0, 1, 1, 0, 1, 0, 0, 1, 1, 1, 0, 0, 1, 1, 0, 0, 0, 0, 0, 1, 0, 0, 1, 0, 1, 1, 0, 1, 1, 1, 0, 1, 0, 1, 0, 1, 0, 1, 1, 1, 1, 0, 1, 0, 1, 1, 1, 0, 1, 0, 1, 0, 1, 0, 0, 1]

iteration number 19: mse = 15532.103358387338, generation nums = 53 
string: +(40.6x^-1.0)+(38.800000000000004x^-1.75)-(32.4x^-2.0)-(39.2x^0.75)+(27.6x^-1.75)+(36.1x^1.0)-(11.600000000000001x^-3.0)-(9.600000000000001)+(32.699999999999996x^-2.5)
chr: [1, 1, 1, 0, 0, 0, 1, 1, 1, 0, 0, 1, 1, 0, 0, 1, 1, 0, 1, 1, 1, 1, 1, 0, 0, 0, 1, 0, 0, 1, 0, 0, 1, 0, 1, 1, 0, 1, 0, 0, 0, 1, 0, 0, 0, 0, 0, 0, 1, 1, 1, 0, 0, 0, 0, 1, 0, 0, 1, 1, 1, 1, 0, 0, 0, 0, 1, 1, 0, 0, 0, 1, 0, 0, 1, 1, 1, 0, 1, 1, 0, 0, 0, 0, 1, 1, 0, 1, 0, 0, 0, 1, 1, 0, 0, 0, 0, 1, 0, 0, 0, 0, 1, 0, 0, 0, 1, 1, 0, 0, 1, 1, 0, 0, 0, 1, 0, 0, 0, 0, 1, 1, 0, 0, 1, 1, 1, 1, 1, 1, 0, 0, 1, 1, 0]the best mse of all: 41.01237826815383 

the average mse of all: 2947.0629912433174 
the best mse of all: 41.01237826815383, generation nums = 227
