mutation with different values (increases probblity = 0.001) and making 10 neighbors each time

iteration number 0: mse = 0.5771529959740963, generation nums = 50 
string: -(2.5x^-0.5)+(7.100000000000001x^-0.25)+(4.5x^1.25)-(2.799999999999997x^1.25)+(13.5x^0.25)-(14.899999999999999x^0.75)-(2.6000000000000014x^0.5)+(4.300000000000004x^1.5)-(5.699999999999996x^-0.25)
chr: [0, 1, 1, 1, 0, 1, 1, 1, 1, 1, 0, 1, 1, 1, 0, 1, 0, 0, 0, 1, 1, 1, 1, 1, 1, 0, 1, 1, 1, 1, 1, 0, 0, 0, 1, 0, 0, 1, 0, 1, 1, 0, 1, 0, 1, 0, 1, 1, 1, 0, 1, 1, 1, 0, 0, 1, 0, 1, 0, 1, 1, 0, 0, 1, 1, 1, 1, 1, 1, 1, 1, 0, 0, 0, 1, 0, 1, 0, 1, 1, 0, 0, 0, 1, 1, 1, 0, 0, 1, 1, 0, 1, 1, 1, 0, 1, 1, 1, 1, 0, 1, 0, 0, 1, 0, 1, 0, 0, 0, 1, 0, 0, 0, 1, 1, 1, 0, 1, 1, 0, 0, 1, 1, 0, 1, 1, 1, 1, 1, 1, 0, 1, 1, 1, 1]

iteration number 1: mse = 0.38149372244324525, generation nums = 50 
string: -(3.5x^-0.25)+(1.8999999999999986)-(21.7x^-0.25)+(29.6x^0.25)+(2.3000000000000043x^1.75)+(34.800000000000004x^0.25)-(14.5x^-0.25)-(40.7x^0.5)+(13.5x^-0.5), chr: [0, 1, 1, 1, 0, 1, 0, 1, 0, 1, 0, 1, 1, 1, 1, 1, 0, 0, 0, 0, 0, 1, 0, 1, 1, 1, 0, 0, 0, 0, 0, 1, 0, 0, 0, 1, 1, 1, 1, 1, 0, 1, 1, 1, 1, 1, 1, 0, 0, 1, 0, 0, 0, 0, 0, 1, 0, 0, 0, 1, 1, 0, 0, 0, 0, 0, 1, 1, 1, 1, 1, 0, 1, 1, 1, 1, 1, 0, 1, 0, 1, 0, 1, 0, 0, 1, 0, 0, 0, 1, 0, 1, 0, 1, 1, 0, 0, 1, 1, 1, 0, 1, 1, 1, 1, 0, 0, 0, 1, 1, 0, 0, 0, 0, 1, 1, 0, 0, 1, 0, 1, 0, 0, 1, 1, 1, 1, 1, 1, 1, 0, 1, 1, 1, 0]

iteration number 2: mse = 1.4476654602293864, generation nums = 50 
string: None, chr: None

iteration number 3: mse = 1.4175056408125197, generation nums = 50 
string: +(10.899999999999999x^-1.25)+(40.699999999999996x^-1.25)+(6.600000000000001x^-1.75)-(34.5x^-1.5)+(5.100000000000001x^0.25)+(0.5x^2.25)-(38.9x^-0.75)+(13.600000000000001x^-0.25)-(3.1999999999999957x^-0.25)
chr: [1, 0, 0, 1, 1, 0, 0, 1, 0, 1, 0, 1, 0, 1, 1, 1, 1, 1, 0, 0, 0, 1, 1, 1, 1, 0, 1, 0, 1, 1, 1, 0, 0, 0, 1, 1, 1, 0, 1, 0, 0, 1, 0, 0, 1, 0, 0, 1, 0, 0, 1, 1, 1, 1, 1, 0, 1, 0, 1, 0, 1, 0, 0, 0, 1, 0, 1, 0, 1, 1, 1, 0, 0, 0, 1, 0, 1, 1, 1, 1, 1, 1, 1, 0, 1, 1, 1, 0, 0, 1, 0, 0, 0, 1, 1, 1, 0, 0, 1, 1, 0, 1, 1, 0, 1, 1, 0, 1, 0, 0, 0, 0, 0, 0, 0, 0, 1, 1, 1, 1, 0, 1, 1, 1, 0, 1, 1, 0, 0, 0, 0, 1, 1, 1, 1]

iteration number 4: mse = 0.4991460892337845, generation nums = 50 
string: None, chr: None

iteration number 5: mse = 0.3975877982566234, generation nums = 50 
string: None, chr: None

iteration number 6: mse = 0.744364432143109, generation nums = 50 
string: -(21.9x^0.25)+(11.200000000000003x^0.5)+(0.7000000000000028x^0.25)-(32.7)+(0.3999999999999986x^2.25)+(12.800000000000004x^1.0)+(48.50000000000001)-(15.799999999999997x^0.5)-(3.6000000000000014x^1.25)
chr: [0, 1, 0, 0, 0, 1, 1, 1, 0, 1, 1, 0, 0, 0, 1, 1, 0, 0, 1, 1, 0, 1, 0, 0, 0, 1, 0, 0, 1, 0, 0, 1, 1, 1, 1, 1, 1, 1, 1, 1, 1, 0, 0, 0, 1, 0, 0, 1, 0, 1, 1, 0, 0, 0, 1, 1, 0, 0, 0, 0, 0, 1, 1, 1, 1, 1, 1, 1, 0, 0, 1, 1, 0, 0, 1, 1, 0, 0, 1, 1, 1, 1, 0, 0, 0, 1, 0, 1, 0, 0, 1, 1, 1, 1, 0, 1, 1, 1, 0, 1, 1, 0, 0, 0, 0, 0, 1, 0, 1, 0, 1, 1, 0, 1, 0, 1, 0, 0, 1, 0, 0, 1, 1, 1, 0, 1, 0, 1, 0, 0, 1, 0, 1, 0, 1]

iteration number 7: mse = 0.930026163097668, generation nums = 50 
string: +(1.1000000000000014x^0.75)-(2.299999999999997x^-0.75)+(3.1000000000000014x^1.75)-(18.4x^-0.25)-(24.2x^-0.75)-(5.5x^1.25)-(19.299999999999997x^-1.25)+(51.1x^-1.0)+(15.500000000000007x^0.25)
chr: [1, 0, 0, 0, 0, 0, 0, 0, 1, 1, 1, 0, 0, 1, 1, 0, 1, 1, 1, 1, 0, 0, 0, 0, 1, 0, 1, 1, 0, 1, 1, 0, 0, 0, 0, 1, 0, 1, 1, 1, 1, 0, 1, 1, 1, 0, 1, 0, 1, 0, 0, 0, 0, 0, 0, 0, 1, 1, 1, 1, 0, 1, 0, 0, 0, 0, 0, 1, 1, 0, 0, 1, 1, 0, 1, 0, 1, 1, 1, 0, 0, 0, 0, 0, 1, 1, 0, 1, 0, 1, 0, 1, 0, 0, 1, 1, 0, 1, 1, 1, 0, 1, 0, 1, 1, 1, 1, 1, 1, 1, 1, 0, 1, 1, 1, 0, 1, 1, 0, 0, 1, 0, 1, 0, 0, 1, 0, 0, 1, 1, 1, 0, 0, 0, 1]

iteration number 8: mse = 4.212143482285243, generation nums = 50 
string: +(13.200000000000003x^-0.75)-(9.299999999999997x^-0.5)-(34.4x^-0.75)-(20.7)+(18.699999999999996x^-0.5)+(0.6000000000000014x^2.25)+(18.9x^-0.25)+(10.399999999999999)+(4.0x^-1.25)
chr: [1, 0, 0, 1, 1, 1, 1, 1, 0, 0, 0, 1, 1, 0, 1, 0, 1, 1, 0, 0, 1, 1, 0, 1, 1, 0, 1, 1, 1, 0, 0, 0, 1, 0, 1, 0, 0, 0, 0, 0, 0, 1, 1, 0, 1, 0, 1, 0, 0, 1, 0, 1, 0, 0, 1, 1, 0, 0, 0, 0, 1, 0, 1, 0, 1, 1, 0, 0, 1, 1, 0, 1, 1, 1, 0, 0, 1, 1, 1, 1, 1, 1, 1, 1, 0, 1, 1, 0, 0, 1, 1, 0, 1, 0, 1, 1, 0, 1, 0, 1, 0, 1, 1, 1, 1, 1, 0, 0, 1, 1, 0, 0, 0, 0, 0, 1, 0, 0, 0, 0, 1, 0, 0, 0, 1, 0, 0, 0, 0, 0, 0, 1, 0, 1, 1]

iteration number 9: mse = 1.3988223548346568, generation nums = 50 
string: None, chr: None

iteration number 10: mse = 2.015350752870906, generation nums = 50 
string: None, chr: None

iteration number 11: mse = 0.8677292793555111, generation nums = 50 
string: -(6.5x^-0.5)+(0.7000000000000028x^1.75)+(1.2000000000000028x^1.75)-(17.799999999999997x^-0.75)-(37.7x^-0.5)+(49.800000000000004x^-0.5)+(0.8000000000000043)-(5.600000000000001x^0.25)+(15.100000000000001x^-0.75)
chr: [0, 1, 1, 0, 1, 1, 0, 1, 1, 1, 0, 1, 1, 1, 0, 0, 1, 1, 1, 1, 1, 1, 1, 1, 1, 1, 0, 1, 1, 1, 1, 0, 0, 0, 0, 0, 0, 1, 0, 0, 1, 0, 1, 1, 1, 0, 1, 0, 1, 0, 0, 0, 1, 1, 0, 0, 1, 1, 0, 1, 0, 0, 0, 1, 1, 1, 1, 1, 1, 1, 0, 1, 1, 1, 0, 1, 1, 1, 1, 1, 0, 1, 0, 1, 0, 0, 1, 1, 1, 0, 1, 0, 0, 0, 0, 0, 0, 0, 0, 0, 1, 0, 0, 0, 0, 0, 1, 1, 1, 0, 0, 0, 0, 0, 0, 1, 0, 0, 0, 1, 1, 0, 1, 0, 0, 0, 1, 1, 1, 1, 0, 1, 1, 0, 1]

iteration number 12: mse = 1.1073218969218714, generation nums = 50 
string: +(21.6x^0.25)-(1.6999999999999957x^-0.75)-(16.0x^0.25)+(1.0x^2.0)+(17.800000000000004)-(28.799999999999997)-(21.7x^-0.25)+(0.8000000000000043x^-1.25)+(26.300000000000004x^-0.25)
chr: [1, 0, 1, 1, 0, 1, 0, 0, 0, 0, 1, 0, 0, 0, 1, 0, 1, 1, 1, 1, 0, 0, 1, 1, 1, 0, 1, 1, 0, 1, 0, 1, 0, 1, 0, 1, 1, 0, 0, 0, 1, 0, 0, 0, 1, 1, 0, 0, 0, 0, 0, 0, 0, 1, 0, 1, 1, 0, 0, 0, 1, 0, 1, 0, 1, 0, 1, 0, 1, 0, 1, 0, 0, 0, 0, 0, 0, 1, 1, 0, 1, 1, 0, 0, 0, 1, 0, 0, 0, 0, 0, 1, 0, 0, 0, 1, 1, 1, 1, 1, 0, 1, 1, 1, 1, 1, 0, 0, 0, 0, 0, 0, 0, 0, 0, 0, 1, 0, 1, 1, 1, 0, 1, 1, 1, 1, 1, 1, 1, 1, 0, 1, 1, 1, 1]

iteration number 13: mse = 0.9467399334749372, generation nums = 50 
string: +(5.300000000000004x^-0.5)-(16.1x^-0.75)-(8.699999999999996x^-0.5)-(30.2x^-0.25)+(0.8000000000000043x^2.0)+(1.6000000000000014x^-1.0)-(8.0x^1.0)+(44.300000000000004x^-0.5)+(10.5x^1.0)
chr: [1, 0, 0, 0, 1, 0, 1, 1, 0, 1, 0, 1, 1, 1, 0, 0, 1, 0, 1, 0, 1, 0, 1, 1, 1, 0, 1, 1, 0, 1, 0, 1, 1, 0, 1, 0, 0, 0, 0, 1, 0, 1, 1, 1, 0, 0, 0, 1, 1, 0, 0, 1, 0, 1, 0, 0, 1, 1, 1, 1, 1, 0, 0, 0, 0, 0, 0, 0, 0, 0, 1, 1, 0, 0, 0, 1, 0, 0, 0, 0, 0, 1, 0, 0, 0, 0, 1, 1, 0, 0, 0, 1, 1, 0, 1, 0, 1, 0, 0, 0, 1, 0, 1, 0, 0, 1, 1, 1, 0, 1, 1, 0, 0, 1, 1, 0, 1, 1, 1, 0, 1, 0, 0, 1, 1, 0, 0, 0, 0, 1, 1, 0, 1, 0, 0]

iteration number 14: mse = 1.2066110569737203, generation nums = 50 
string: None, chr: None